[255, 255, 255]
[255, 255, 255]
[255, 255, 255]
[255, 255, 255]
[255, 255, 255]
[255, 255, 255]
[255, 255, 255]
[255, 255, 255]
[255, 255, 255]
[255, 255, 255]
[255, 255, 255]
[255, 255, 255]
[255, 255, 255]
[255, 255, 255]
[255, 255, 255]
[255, 255, 255]
[255, 255, 255]
[255, 255, 255]
[255, 255, 255]
[255, 255, 255]
[255, 255, 255]
[255, 255, 255]
[255, 255, 255]
[255, 255, 255]
[255, 255, 255]
[255, 255, 255]
[255, 255, 255]
[255, 255, 255]
[255, 255, 255]
[255, 255, 255]
[255, 255, 255]
[255, 255, 255]
[255, 255, 255]
[255, 255, 255]
[255, 255, 255]
[255, 255, 255]
[255, 255, 255]
[255, 255, 255]
[255, 255, 255]
[255, 255, 255]
[255, 255, 255]
[255, 255, 255]
[255, 255, 255]
[255, 255, 255]
[255, 255, 255]
[255, 255, 255]
[255, 255, 255]
[255, 255, 255]
[255, 255, 255]
[255, 255, 255]
[255, 255, 255]
[255, 255, 255]
[255, 255, 255]
[255, 255, 255]
[255, 255, 255]
[255, 255, 255]
[255, 255, 255]
[255, 255, 255]
[255, 255, 255]
[255, 255, 255]
[255, 255, 255]
[255, 255, 255]
[255, 255, 255]
[255, 255, 255]
[255, 255, 255]
[255, 255, 255]
[255, 255, 255]
[255, 255, 255]
[255, 255, 255]
[255, 255, 255]
[255, 255, 255]
[255, 255, 255]
[255, 255, 255]
[255, 255, 255]
[255, 255, 255]
[255, 255, 255]
[255, 255, 255]
[255, 255, 255]
[255, 255, 255]
[255, 255, 255]
[255, 255, 255]
[255, 255, 255]
[255, 255, 255]
[255, 255, 255]
[255, 255, 255]
[255, 255, 255]
[255, 255, 255]
[255, 255, 255]
[255, 255, 255]
[255, 255, 255]
[255, 255, 255]
[255, 255, 255]
[255, 255, 255]
[255, 255, 255]
[255, 255, 255]
[255, 255, 255]
[255, 255, 255]
[255, 255, 255]
[255, 255, 255]
[255, 255, 255]
[255, 255, 255]
[255, 255, 255]
[255, 255, 255]
[255, 255, 255]
[255, 255, 255]
[255, 255, 255]
[255, 255, 255]
[255, 255, 255]
[255, 255, 255]
[255, 255, 255]
[255, 255, 255]
[255, 255, 255]
[255, 255, 255]
[255, 255, 255]
[255, 255, 255]
[255, 255, 255]
[255, 255, 255]
[255, 255, 255]
[255, 255, 255]
[255, 255, 255]
[255, 255, 255]
[255, 255, 255]
[255, 255, 255]
[255, 255, 255]
[255, 255, 255]
[255, 255, 255]
[255, 255, 255]
[255, 255, 255]
[255, 255, 255]
[255, 255, 255]
[255, 255, 255]
[255, 255, 255]
[255, 255, 255]
[255, 255, 255]
[255, 255, 255]
[255, 255, 255]
[255, 255, 255]
[255, 255, 255]
[255, 255, 255]
[255, 255, 255]
[255, 255, 255]
[255, 255, 255]
[255, 255, 255]
[255, 255, 255]
[255, 255, 255]
[255, 255, 255]
[255, 255, 255]
[255, 255, 255]
[255, 255, 255]
[255, 255, 255]
[255, 255, 255]
[255, 255, 255]
[255, 255, 255]
[255, 255, 255]
[255, 255, 255]
[239, 240, 247]
[251, 251, 253]
[255, 255, 255]
[255, 255, 255]
[255, 255, 255]
[255, 255, 255]
[255, 255, 255]
[255, 255, 255]
[255, 255, 255]
[255, 255, 255]
[255, 255, 255]
[255, 255, 255]
[255, 255, 255]
[255, 255, 255]
[255, 255, 255]
[255, 255, 255]
[255, 255, 255]
[255, 255, 255]
[255, 255, 255]
[255, 255, 255]
[255, 255, 255]
[255, 255, 255]
[255, 255, 255]
[255, 255, 255]
[255, 255, 255]
[255, 255, 255]
[255, 255, 255]
[255, 255, 255]
[255, 255, 255]
[255, 255, 255]
[255, 255, 255]
[255, 255, 255]
[255, 255, 255]
[255, 255, 255]
[255, 255, 255]
[255, 255, 255]
[255, 255, 255]
[255, 255, 255]
[255, 255, 255]
[255, 255, 255]
[255, 255, 255]
[255, 255, 255]
[255, 255, 255]
[255, 255, 255]
[255, 255, 255]
[255, 255, 255]
[255, 255, 255]
[255, 255, 255]
[255, 255, 255]
[255, 255, 255]
[133, 145, 199]
[117, 131, 192]
[255, 255, 255]
[255, 255, 255]
[255, 255, 255]
[192, 198, 226]
[231, 233, 244]
[255, 255, 255]
[255, 255, 255]
[255, 255, 255]
[255, 255, 255]
[255, 255, 255]
[255, 255, 255]
[255, 255, 255]
[255, 255, 255]
[255, 255, 255]
[255, 255, 255]
[255, 255, 255]
[255, 255, 255]
[255, 255, 255]
[255, 255, 255]
[255, 255, 255]
[255, 255, 255]
[255, 255, 255]
[255, 255, 255]
[255, 255, 255]
[255, 255, 255]
[255, 255, 255]
[255, 255, 255]
[255, 255, 255]
[255, 255, 255]
[255, 255, 255]
[255, 255, 255]
[255, 255, 255]
[255, 255, 255]
[255, 255, 255]
[255, 255, 255]
[255, 255, 255]
[255, 255, 255]
[255, 255, 255]
[255, 255, 255]
[255, 255, 255]
[255, 255, 255]
[255, 255, 255]
[255, 255, 255]
[255, 255, 255]
[255, 255, 255]
[255, 255, 255]
[255, 255, 255]
[255, 255, 255]
[97, 113, 183]
[129, 142, 197]
[255, 255, 255]
[255, 255, 255]
[251, 251, 253]
[14, 39, 145]
[176, 184, 218]
[255, 255, 255]
[255, 255, 255]
[255, 255, 255]
[255, 255, 255]
[255, 255, 255]
[255, 255, 255]
[255, 255, 255]
[255, 255, 255]
[255, 255, 255]
[255, 255, 255]
[255, 255, 255]
[255, 255, 255]
[255, 255, 255]
[255, 255, 255]
[255, 255, 255]
[255, 255, 255]
[255, 255, 255]
[255, 255, 255]
[255, 255, 255]
[255, 255, 255]
[255, 255, 255]
[255, 255, 255]
[255, 255, 255]
[255, 255, 255]
[255, 255, 255]
[255, 255, 255]
[255, 255, 255]
[255, 255, 255]
[255, 255, 255]
[255, 255, 255]
[255, 255, 255]
[255, 255, 255]
[255, 255, 255]
[255, 255, 255]
[255, 255, 255]
[255, 255, 255]
[255, 255, 255]
[255, 255, 255]
[255, 255, 255]
[255, 255, 255]
[255, 255, 255]
[255, 255, 255]
[255, 255, 255]
[69, 89, 170]
[148, 159, 206]
[255, 255, 255]
[255, 255, 255]
[207, 212, 233]
[3, 29, 140]
[207, 212, 233]
[255, 255, 255]
[219, 223, 239]
[133, 145, 199]
[109, 124, 188]
[243, 244, 249]
[255, 255, 255]
[251, 251, 253]
[160, 170, 211]
[255, 255, 255]
[255, 255, 255]
[255, 255, 255]
[255, 255, 255]
[231, 233, 244]
[255, 255, 255]
[255, 255, 255]
[255, 255, 255]
[255, 255, 255]
[255, 255, 255]
[235, 237, 246]
[192, 198, 226]
[204, 209, 231]
[255, 255, 255]
[255, 255, 255]
[255, 255, 255]
[207, 212, 233]
[129, 142, 197]
[164, 173, 213]
[255, 255, 255]
[255, 255, 255]
[255, 255, 255]
[255, 255, 255]
[255, 255, 255]
[255, 255, 255]
[255, 255, 255]
[255, 255, 255]
[255, 255, 255]
[255, 255, 255]
[255, 255, 255]
[255, 255, 255]
[255, 255, 255]
[255, 255, 255]
[255, 255, 255]
[255, 255, 255]
[42, 64, 157]
[168, 177, 215]
[255, 255, 255]
[255, 255, 255]
[164, 173, 213]
[3, 29, 140]
[239, 240, 247]
[172, 180, 217]
[14, 39, 145]
[3, 29, 140]
[85, 102, 177]
[251, 251, 253]
[255, 255, 255]
[219, 223, 238]
[117, 131, 192]
[255, 255, 255]
[255, 255, 255]
[255, 255, 255]
[200, 205, 229]
[125, 138, 195]
[255, 255, 255]
[255, 255, 255]
[231, 233, 244]
[14, 39, 145]
[223, 226, 240]
[30, 53, 152]
[50, 71, 161]
[38, 60, 156]
[74, 92, 172]
[251, 251, 253]
[207, 212, 233]
[7, 32, 141]
[3, 29, 140]
[144, 156, 204]
[255, 255, 255]
[255, 255, 255]
[255, 255, 255]
[255, 255, 255]
[255, 255, 255]
[255, 255, 255]
[255, 255, 255]
[255, 255, 255]
[255, 255, 255]
[255, 255, 255]
[255, 255, 255]
[255, 255, 255]
[255, 255, 255]
[255, 255, 255]
[255, 255, 255]
[255, 255, 255]
[18, 43, 147]
[195, 202, 227]
[255, 255, 255]
[255, 255, 255]
[133, 145, 199]
[22, 46, 148]
[195, 202, 228]
[7, 32, 141]
[34, 57, 154]
[191, 198, 226]
[255, 255, 255]
[255, 255, 255]
[255, 255, 255]
[192, 198, 226]
[89, 106, 179]
[255, 255, 255]
[255, 255, 255]
[255, 255, 255]
[97, 113, 183]
[73, 92, 172]
[239, 240, 247]
[255, 255, 255]
[152, 163, 208]
[3, 29, 140]
[117, 131, 192]
[3, 29, 140]
[235, 237, 246]
[255, 255, 255]
[89, 106, 179]
[148, 159, 206]
[176, 184, 218]
[3, 29, 140]
[30, 53, 152]
[251, 251, 253]
[255, 255, 255]
[255, 255, 255]
[255, 255, 255]
[255, 255, 255]
[255, 255, 255]
[255, 255, 255]
[255, 255, 255]
[255, 255, 255]
[255, 255, 255]
[255, 255, 255]
[255, 255, 255]
[255, 255, 255]
[255, 255, 255]
[255, 255, 255]
[255, 255, 255]
[255, 255, 255]
[3, 29, 140]
[71, 90, 171]
[74, 92, 172]
[152, 163, 208]
[105, 120, 186]
[58, 78, 165]
[65, 85, 168]
[38, 60, 156]
[231, 233, 244]
[255, 255, 255]
[255, 255, 255]
[255, 255, 255]
[255, 255, 255]
[164, 173, 213]
[66, 85, 168]
[255, 255, 255]
[255, 255, 255]
[255, 255, 255]
[97, 113, 183]
[73, 92, 172]
[195, 202, 227]
[239, 240, 247]
[81, 99, 175]
[3, 29, 140]
[74, 92, 172]
[22, 46, 148]
[255, 255, 255]
[255, 255, 255]
[184, 191, 222]
[57, 78, 165]
[251, 251, 253]
[65, 84, 168]
[22, 46, 148]
[251, 251, 253]
[255, 255, 255]
[255, 255, 255]
[255, 255, 255]
[255, 255, 255]
[255, 255, 255]
[255, 255, 255]
[255, 255, 255]
[255, 255, 255]
[255, 255, 255]
[255, 255, 255]
[255, 255, 255]
[255, 255, 255]
[255, 255, 255]
[255, 255, 255]
[255, 255, 255]
[231, 233, 244]
[6, 32, 141]
[215, 219, 237]
[199, 205, 229]
[243, 244, 249]
[97, 113, 183]
[95, 111, 182]
[7, 32, 141]
[203, 209, 231]
[255, 255, 255]
[255, 255, 255]
[255, 255, 255]
[69, 89, 170]
[58, 78, 165]
[50, 71, 161]
[33, 56, 154]
[138, 150, 201]
[196, 202, 228]
[243, 244, 249]
[97, 113, 183]
[34, 57, 154]
[144, 156, 204]
[81, 99, 175]
[215, 219, 237]
[34, 57, 154]
[52, 73, 162]
[97, 113, 183]
[255, 255, 255]
[255, 255, 255]
[148, 159, 206]
[117, 131, 192]
[255, 255, 255]
[243, 244, 249]
[50, 71, 161]
[156, 166, 210]
[255, 255, 255]
[255, 255, 255]
[255, 255, 255]
[255, 255, 255]
[255, 255, 255]
[255, 255, 255]
[255, 255, 255]
[255, 255, 255]
[255, 255, 255]
[255, 255, 255]
[255, 255, 255]
[255, 255, 255]
[255, 255, 255]
[255, 255, 255]
[255, 255, 255]
[223, 226, 240]
[42, 64, 157]
[255, 255, 255]
[255, 255, 255]
[255, 255, 255]
[93, 110, 181]
[120, 134, 193]
[22, 46, 149]
[255, 255, 255]
[255, 255, 255]
[255, 255, 255]
[255, 255, 255]
[199, 205, 229]
[114, 128, 190]
[46, 68, 160]
[66, 85, 168]
[3, 29, 140]
[43, 65, 158]
[74, 92, 172]
[67, 86, 169]
[3, 29, 140]
[219, 223, 238]
[180, 187, 220]
[255, 255, 255]
[77, 96, 174]
[30, 53, 152]
[164, 173, 213]
[247, 248, 251]
[152, 163, 208]
[164, 173, 213]
[255, 255, 255]
[255, 255, 255]
[255, 255, 255]
[231, 233, 244]
[42, 64, 158]
[223, 226, 240]
[255, 255, 255]
[255, 255, 255]
[255, 255, 255]
[255, 255, 255]
[255, 255, 255]
[255, 255, 255]
[255, 255, 255]
[255, 255, 255]
[255, 255, 255]
[255, 255, 255]
[255, 255, 255]
[255, 255, 255]
[255, 255, 255]
[255, 255, 255]
[231, 233, 244]
[89, 106, 179]
[255, 255, 255]
[255, 255, 255]
[255, 255, 255]
[97, 113, 183]
[77, 95, 173]
[113, 127, 190]
[188, 195, 224]
[220, 223, 239]
[224, 227, 241]
[195, 202, 228]
[152, 163, 208]
[168, 177, 215]
[255, 255, 255]
[26, 49, 150]
[132, 145, 199]
[255, 255, 255]
[140, 152, 202]
[3, 29, 140]
[223, 226, 240]
[255, 255, 255]
[255, 255, 255]
[105, 120, 186]
[3, 29, 140]
[192, 198, 226]
[223, 226, 240]
[255, 255, 255]
[255, 255, 255]
[255, 255, 255]
[255, 255, 255]
[255, 255, 255]
[255, 255, 255]
[133, 145, 199]
[128, 141, 197]
[255, 255, 255]
[255, 255, 255]
[255, 255, 255]
[255, 255, 255]
[255, 255, 255]
[255, 255, 255]
[255, 255, 255]
[255, 255, 255]
[255, 255, 255]
[255, 255, 255]
[255, 255, 255]
[255, 255, 255]
[255, 255, 255]
[255, 255, 255]
[255, 255, 255]
[156, 166, 210]
[255, 255, 255]
[255, 255, 255]
[255, 255, 255]
[148, 159, 206]
[255, 255, 255]
[251, 251, 253]
[179, 187, 220]
[129, 142, 197]
[132, 145, 199]
[176, 184, 218]
[243, 244, 249]
[38, 60, 156]
[207, 212, 233]
[255, 255, 255]
[77, 96, 174]
[97, 113, 183]
[255, 255, 255]
[183, 191, 222]
[3, 29, 140]
[223, 226, 240]
[255, 255, 255]
[255, 255, 255]
[129, 142, 197]
[3, 29, 140]
[211, 216, 235]
[255, 255, 255]
[255, 255, 255]
[255, 255, 255]
[255, 255, 255]
[255, 255, 255]
[200, 205, 229]
[113, 128, 190]
[140, 152, 202]
[243, 244, 249]
[255, 255, 255]
[255, 255, 255]
[255, 255, 255]
[255, 255, 255]
[255, 255, 255]
[255, 255, 255]
[255, 255, 255]
[255, 255, 255]
[255, 255, 255]
[255, 255, 255]
[255, 255, 255]
[255, 255, 255]
[255, 255, 255]
[255, 255, 255]
[255, 255, 255]
[255, 255, 255]
[255, 255, 255]
[255, 255, 255]
[255, 255, 255]
[247, 248, 251]
[243, 244, 249]
[255, 255, 255]
[255, 255, 255]
[255, 255, 255]
[255, 255, 255]
[255, 255, 255]
[243, 244, 249]
[140, 152, 202]
[255, 255, 255]
[255, 255, 255]
[227, 230, 242]
[227, 230, 242]
[255, 255, 255]
[247, 248, 251]
[124, 138, 195]
[255, 255, 255]
[255, 255, 255]
[255, 255, 255]
[172, 180, 217]
[34, 56, 154]
[239, 240, 247]
[255, 255, 255]
[255, 255, 255]
[255, 255, 255]
[255, 255, 255]
[231, 233, 244]
[3, 29, 140]
[199, 205, 229]
[255, 255, 255]
[255, 255, 255]
[255, 255, 255]
[255, 255, 255]
[255, 255, 255]
[255, 255, 255]
[255, 255, 255]
[255, 255, 255]
[255, 255, 255]
[255, 255, 255]
[255, 255, 255]
[255, 255, 255]
[255, 255, 255]
[255, 255, 255]
[255, 255, 255]
[255, 255, 255]
[255, 255, 255]
[255, 255, 255]
[255, 255, 255]
[255, 255, 255]
[255, 255, 255]
[255, 255, 255]
[255, 255, 255]
[255, 255, 255]
[255, 255, 255]
[255, 255, 255]
[255, 255, 255]
[255, 255, 255]
[255, 255, 255]
[255, 255, 255]
[255, 255, 255]
[255, 255, 255]
[255, 255, 255]
[255, 255, 255]
[255, 255, 255]
[255, 255, 255]
[255, 255, 255]
[255, 255, 255]
[255, 255, 255]
[255, 255, 255]
[255, 255, 255]
[243, 244, 249]
[255, 255, 255]
[255, 255, 255]
[255, 255, 255]
[255, 255, 255]
[255, 255, 255]
[251, 251, 253]
[14, 39, 145]
[243, 244, 249]
[255, 255, 255]
[255, 255, 255]
[255, 255, 255]
[255, 255, 255]
[255, 255, 255]
[255, 255, 255]
[255, 255, 255]
[255, 255, 255]
[255, 255, 255]
[255, 255, 255]
[255, 255, 255]
[255, 255, 255]
[255, 255, 255]
[255, 255, 255]
[255, 255, 255]
[255, 255, 255]
[255, 255, 255]
[255, 255, 255]
[255, 255, 255]
[254, 239, 239]
[251, 193, 193]
[251, 201, 201]
[254, 251, 251]
[255, 255, 255]
[255, 255, 255]
[255, 255, 255]
[255, 255, 255]
[255, 255, 255]
[255, 255, 255]
[255, 255, 255]
[255, 255, 255]
[255, 255, 255]
[255, 255, 255]
[255, 255, 255]
[255, 255, 255]
[255, 255, 255]
[255, 255, 255]
[255, 255, 255]
[255, 255, 255]
[255, 255, 255]
[255, 255, 255]
[255, 255, 255]
[255, 255, 255]
[255, 255, 255]
[255, 255, 255]
[255, 255, 255]
[255, 255, 255]
[93, 110, 181]
[199, 205, 229]
[255, 255, 255]
[255, 255, 255]
[255, 255, 255]
[255, 255, 255]
[255, 255, 255]
[255, 255, 255]
[255, 255, 255]
[255, 255, 255]
[255, 255, 255]
[255, 255, 255]
[255, 255, 255]
[255, 255, 255]
[255, 255, 255]
[255, 255, 255]
[255, 255, 255]
[255, 255, 255]
[255, 255, 255]
[255, 255, 255]
[253, 224, 224]
[243, 74, 74]
[239, 16, 16]
[242, 62, 62]
[243, 74, 74]
[243, 70, 70]
[254, 247, 247]
[255, 255, 255]
[255, 255, 255]
[239, 251, 239]
[251, 254, 251]
[255, 255, 255]
[255, 255, 255]
[255, 255, 255]
[255, 255, 255]
[255, 255, 255]
[231, 241, 251]
[165, 204, 239]
[181, 213, 242]
[251, 252, 254]
[255, 255, 255]
[255, 255, 255]
[255, 255, 255]
[255, 255, 255]
[255, 255, 255]
[255, 255, 255]
[255, 255, 255]
[255, 255, 255]
[255, 255, 255]
[255, 255, 255]
[199, 205, 229]
[132, 145, 199]
[255, 255, 255]
[255, 255, 255]
[255, 255, 255]
[255, 255, 255]
[255, 255, 255]
[255, 255, 255]
[255, 255, 255]
[255, 255, 255]
[255, 255, 255]
[255, 255, 255]
[255, 255, 255]
[255, 255, 255]
[255, 255, 255]
[255, 255, 255]
[255, 255, 255]
[255, 255, 255]
[255, 255, 255]
[254, 239, 239]
[240, 28, 28]
[245, 108, 108]
[254, 239, 239]
[255, 255, 255]
[255, 255, 255]
[245, 105, 105]
[248, 158, 158]
[255, 255, 255]
[171, 233, 171]
[8, 191, 10]
[51, 202, 53]
[255, 255, 255]
[255, 255, 255]
[255, 255, 255]
[255, 255, 255]
[149, 195, 236]
[32, 128, 216]
[114, 175, 230]
[75, 152, 223]
[83, 157, 224]
[255, 255, 255]
[255, 255, 255]
[255, 255, 255]
[255, 255, 255]
[255, 255, 255]
[255, 255, 255]
[255, 255, 255]
[255, 255, 255]
[255, 255, 255]
[255, 255, 255]
[255, 255, 255]
[112, 127, 190]
[255, 255, 255]
[255, 255, 255]
[255, 255, 255]
[255, 255, 255]
[255, 255, 255]
[255, 255, 255]
[255, 255, 255]
[255, 255, 255]
[255, 255, 255]
[255, 255, 255]
[255, 255, 255]
[255, 255, 255]
[255, 255, 255]
[255, 255, 255]
[255, 255, 255]
[255, 255, 255]
[255, 255, 255]
[249, 162, 162]
[240, 35, 35]
[254, 251, 251]
[255, 255, 255]
[255, 255, 255]
[255, 255, 255]
[246, 116, 116]
[247, 132, 132]
[227, 247, 227]
[12, 192, 14]
[39, 199, 41]
[231, 248, 231]
[255, 255, 255]
[255, 255, 255]
[255, 255, 255]
[204, 226, 246]
[5, 113, 211]
[122, 179, 231]
[255, 255, 255]
[251, 252, 254]
[28, 126, 215]
[219, 235, 248]
[255, 255, 255]
[255, 255, 255]
[255, 255, 255]
[255, 255, 255]
[255, 255, 255]
[255, 255, 255]
[255, 255, 255]
[255, 255, 255]
[255, 255, 255]
[255, 255, 255]
[191, 198, 226]
[219, 223, 238]
[255, 255, 255]
[255, 255, 255]
[255, 255, 255]
[255, 255, 255]
[255, 255, 255]
[255, 255, 255]
[255, 255, 255]
[255, 255, 255]
[255, 255, 255]
[255, 255, 255]
[255, 255, 255]
[255, 255, 255]
[255, 255, 255]
[255, 255, 255]
[255, 255, 255]
[255, 255, 255]
[246, 116, 116]
[246, 124, 124]
[254, 247, 247]
[255, 255, 255]
[252, 220, 220]
[249, 170, 170]
[240, 28, 28]
[248, 155, 155]
[115, 218, 116]
[7, 191, 9]
[215, 244, 215]
[255, 255, 255]
[255, 255, 255]
[255, 255, 255]
[255, 255, 255]
[137, 188, 234]
[5, 113, 211]
[168, 206, 239]
[255, 255, 255]
[255, 255, 255]
[67, 148, 222]
[180, 212, 241]
[255, 255, 255]
[255, 255, 255]
[255, 255, 255]
[255, 255, 255]
[255, 255, 255]
[255, 255, 255]
[255, 255, 255]
[255, 255, 255]
[255, 255, 255]
[255, 255, 255]
[255, 255, 255]
[223, 226, 240]
[255, 255, 255]
[255, 255, 255]
[255, 255, 255]
[255, 255, 255]
[255, 255, 255]
[255, 255, 255]
[255, 255, 255]
[255, 255, 255]
[255, 255, 255]
[255, 255, 255]
[255, 255, 255]
[255, 255, 255]
[255, 255, 255]
[255, 255, 255]
[255, 255, 255]
[255, 255, 255]
[244, 97, 97]
[251, 197, 197]
[240, 24, 24]
[241, 43, 43]
[243, 82, 82]
[245, 112, 112]
[249, 170, 170]
[254, 251, 251]
[39, 199, 41]
[111, 217, 112]
[107, 216, 108]
[48, 201, 49]
[36, 198, 37]
[72, 207, 73]
[179, 235, 179]
[118, 177, 231]
[5, 113, 211]
[208, 228, 246]
[255, 255, 255]
[227, 239, 250]
[35, 130, 216]
[231, 241, 250]
[255, 255, 255]
[255, 255, 255]
[255, 255, 255]
[255, 255, 255]
[255, 255, 255]
[255, 255, 255]
[255, 255, 255]
[255, 255, 255]
[255, 255, 255]
[255, 255, 255]
[255, 255, 255]
[255, 255, 255]
[255, 255, 255]
[255, 255, 255]
[255, 255, 255]
[255, 255, 255]
[255, 255, 255]
[255, 255, 255]
[255, 255, 255]
[255, 255, 255]
[255, 255, 255]
[255, 255, 255]
[255, 255, 255]
[255, 255, 255]
[255, 255, 255]
[255, 255, 255]
[255, 255, 255]
[255, 255, 255]
[243, 74, 74]
[254, 247, 247]
[244, 97, 97]
[240, 32, 32]
[253, 228, 228]
[255, 255, 255]
[255, 255, 255]
[243, 252, 243]
[0, 189, 2]
[219, 245, 219]
[107, 216, 108]
[99, 214, 100]
[127, 222, 128]
[159, 230, 160]
[107, 216, 108]
[79, 163, 201]
[5, 113, 211]
[145, 193, 235]
[75, 153, 223]
[9, 115, 211]
[36, 130, 216]
[114, 175, 230]
[231, 241, 250]
[255, 255, 255]
[255, 255, 255]
[255, 255, 255]
[255, 255, 255]
[255, 255, 255]
[255, 255, 255]
[255, 255, 255]
[255, 255, 255]
[255, 255, 255]
[255, 255, 255]
[255, 255, 255]
[255, 255, 255]
[255, 255, 255]
[255, 255, 255]
[255, 255, 255]
[255, 255, 255]
[255, 255, 255]
[255, 255, 255]
[255, 255, 255]
[255, 255, 255]
[255, 255, 255]
[255, 255, 255]
[255, 255, 255]
[255, 255, 255]
[255, 255, 255]
[255, 255, 255]
[255, 255, 255]
[246, 116, 116]
[255, 255, 255]
[254, 243, 243]
[243, 77, 77]
[241, 47, 47]
[253, 231, 231]
[255, 255, 255]
[223, 246, 223]
[4, 190, 6]
[255, 255, 255]
[255, 255, 255]
[255, 255, 255]
[255, 255, 255]
[243, 252, 243]
[51, 202, 53]
[82, 171, 185]
[36, 130, 216]
[243, 248, 253]
[223, 237, 249]
[223, 237, 249]
[219, 234, 248]
[141, 190, 235]
[48, 137, 218]
[247, 250, 253]
[255, 255, 255]
[255, 255, 255]
[255, 255, 255]
[255, 255, 255]
[255, 255, 255]
[255, 255, 255]
[255, 255, 255]
[255, 255, 255]
[255, 255, 255]
[255, 255, 255]
[255, 255, 255]
[255, 255, 255]
[255, 255, 255]
[255, 255, 255]
[255, 255, 255]
[255, 255, 255]
[255, 255, 255]
[255, 255, 255]
[255, 255, 255]
[255, 255, 255]
[255, 255, 255]
[255, 255, 255]
[255, 255, 255]
[255, 255, 255]
[255, 255, 255]
[255, 255, 255]
[249, 174, 174]
[255, 255, 255]
[255, 255, 255]
[254, 251, 251]
[247, 139, 139]
[242, 62, 62]
[247, 135, 135]
[248, 219, 216]
[15, 193, 17]
[227, 247, 227]
[255, 255, 255]
[255, 255, 255]
[235, 249, 235]
[59, 204, 61]
[95, 213, 96]
[156, 199, 237]
[36, 130, 216]
[255, 255, 255]
[255, 255, 255]
[255, 255, 255]
[255, 255, 255]
[255, 255, 255]
[83, 157, 224]
[168, 206, 239]
[255, 255, 255]
[255, 255, 255]
[255, 255, 255]
[255, 255, 255]
[255, 255, 255]
[255, 255, 255]
[255, 255, 255]
[255, 255, 255]
[255, 255, 255]
[255, 255, 255]
[255, 255, 255]
[255, 255, 255]
[255, 255, 255]
[255, 255, 255]
[255, 255, 255]
[255, 255, 255]
[255, 255, 255]
[255, 255, 255]
[255, 255, 255]
[255, 255, 255]
[255, 255, 255]
[255, 255, 255]
[255, 255, 255]
[255, 255, 255]
[255, 255, 255]
[255, 255, 255]
[255, 255, 255]
[255, 255, 255]
[255, 255, 255]
[255, 255, 255]
[255, 255, 255]
[255, 255, 255]
[253, 235, 235]
[251, 205, 205]
[193, 217, 173]
[63, 205, 65]
[119, 220, 120]
[119, 220, 120]
[20, 194, 21]
[111, 217, 112]
[251, 254, 251]
[157, 199, 237]
[9, 115, 211]
[36, 131, 216]
[36, 131, 216]
[59, 144, 220]
[67, 148, 222]
[67, 148, 222]
[86, 159, 225]
[231, 241, 250]
[231, 233, 244]
[94, 110, 181]
[113, 128, 190]
[148, 159, 206]
[211, 216, 235]
[255, 255, 255]
[255, 255, 255]
[255, 255, 255]
[255, 255, 255]
[255, 255, 255]
[255, 255, 255]
[255, 255, 255]
[255, 255, 255]
[255, 255, 255]
[255, 255, 255]
[255, 255, 255]
[255, 255, 255]
[255, 255, 255]
[255, 255, 255]
[255, 255, 255]
[255, 255, 255]
[255, 255, 255]
[255, 255, 255]
[255, 255, 255]
[255, 255, 255]
[255, 255, 255]
[255, 255, 255]
[255, 255, 255]
[255, 255, 255]
[255, 255, 255]
[255, 255, 255]
[255, 255, 255]
[255, 255, 255]
[255, 255, 255]
[255, 255, 255]
[251, 254, 251]
[199, 240, 199]
[159, 230, 160]
[215, 244, 215]
[255, 255, 255]
[255, 255, 255]
[196, 221, 244]
[114, 175, 230]
[98, 166, 227]
[110, 172, 229]
[130, 184, 233]
[227, 239, 250]
[255, 255, 255]
[255, 255, 255]
[243, 244, 249]
[136, 148, 201]
[129, 142, 197]
[144, 156, 204]
[211, 216, 235]
[255, 255, 255]
[255, 255, 255]
[255, 255, 255]
[255, 255, 255]
[255, 255, 255]
[255, 255, 255]
[255, 255, 255]
[255, 255, 255]
[255, 255, 255]
[255, 255, 255]
[255, 255, 255]
[255, 255, 255]
[255, 255, 255]
[255, 255, 255]
[255, 255, 255]
[255, 255, 255]
[255, 255, 255]
[255, 255, 255]
[255, 255, 255]
[255, 255, 255]
[243, 244, 249]
[239, 241, 248]
[255, 255, 255]
[255, 255, 255]
[255, 255, 255]
[255, 255, 255]
[255, 255, 255]
[211, 216, 235]
[235, 237, 246]
[255, 255, 255]
[255, 255, 255]
[255, 255, 255]
[255, 255, 255]
[255, 255, 255]
[255, 255, 255]
[255, 255, 255]
[255, 255, 255]
[255, 255, 255]
[255, 255, 255]
[255, 255, 255]
[255, 255, 255]
[251, 251, 253]
[247, 248, 251]
[255, 255, 255]
[255, 255, 255]
[255, 255, 255]
[255, 255, 255]
[255, 255, 255]
[255, 255, 255]
[255, 255, 255]
[255, 255, 255]
[255, 255, 255]
[255, 255, 255]
[255, 255, 255]
[255, 255, 255]
[255, 255, 255]
[255, 255, 255]
[255, 255, 255]
[255, 255, 255]
[255, 255, 255]
[255, 255, 255]
[255, 255, 255]
[255, 255, 255]
[255, 255, 255]
[255, 255, 255]
[255, 255, 255]
[255, 255, 255]
[255, 255, 255]
[255, 255, 255]
[255, 255, 255]
[164, 173, 213]
[3, 29, 140]
[3, 29, 140]
[18, 43, 147]
[34, 57, 154]
[70, 89, 170]
[152, 163, 208]
[50, 71, 161]
[3, 29, 140]
[30, 53, 152]
[82, 99, 176]
[133, 145, 199]
[188, 195, 224]
[243, 244, 249]
[255, 255, 255]
[255, 255, 255]
[255, 255, 255]
[255, 255, 255]
[89, 106, 179]
[251, 251, 253]
[255, 255, 255]
[113, 127, 190]
[73, 92, 172]
[255, 255, 255]
[255, 255, 255]
[176, 184, 219]
[168, 177, 215]
[255, 255, 255]
[255, 255, 255]
[255, 255, 255]
[255, 255, 255]
[255, 255, 255]
[255, 255, 255]
[255, 255, 255]
[255, 255, 255]
[255, 255, 255]
[255, 255, 255]
[255, 255, 255]
[255, 255, 255]
[255, 255, 255]
[255, 255, 255]
[255, 255, 255]
[255, 255, 255]
[255, 255, 255]
[255, 255, 255]
[255, 255, 255]
[255, 255, 255]
[255, 255, 255]
[255, 255, 255]
[255, 255, 255]
[255, 255, 255]
[227, 230, 242]
[128, 141, 197]
[18, 43, 147]
[223, 226, 240]
[243, 244, 249]
[255, 255, 255]
[251, 251, 253]
[191, 198, 226]
[144, 156, 204]
[105, 120, 186]
[43, 64, 158]
[6, 32, 141]
[3, 29, 140]
[50, 71, 161]
[113, 128, 190]
[184, 191, 222]
[247, 248, 251]
[18, 43, 147]
[191, 198, 226]
[255, 255, 255]
[65, 85, 168]
[11, 36, 143]
[251, 251, 253]
[255, 255, 255]
[57, 78, 165]
[97, 113, 183]
[255, 255, 255]
[255, 255, 255]
[255, 255, 255]
[255, 255, 255]
[255, 255, 255]
[255, 255, 255]
[255, 255, 255]
[255, 255, 255]
[255, 255, 255]
[255, 255, 255]
[255, 255, 255]
[255, 255, 255]
[255, 255, 255]
[255, 255, 255]
[255, 255, 255]
[255, 255, 255]
[255, 255, 255]
[255, 255, 255]
[255, 255, 255]
[255, 255, 255]
[255, 255, 255]
[255, 255, 255]
[255, 255, 255]
[255, 255, 255]
[255, 255, 255]
[129, 142, 197]
[34, 57, 154]
[255, 255, 255]
[255, 255, 255]
[255, 255, 255]
[255, 255, 255]
[255, 255, 255]
[255, 255, 255]
[255, 255, 255]
[137, 149, 201]
[66, 85, 168]
[239, 240, 247]
[195, 201, 228]
[144, 156, 204]
[109, 124, 188]
[129, 142, 197]
[93, 110, 181]
[121, 134, 193]
[219, 223, 238]
[3, 29, 140]
[3, 29, 140]
[211, 216, 235]
[255, 255, 255]
[14, 39, 145]
[132, 145, 199]
[255, 255, 255]
[255, 255, 255]
[255, 255, 255]
[255, 255, 255]
[255, 255, 255]
[255, 255, 255]
[255, 255, 255]
[255, 255, 255]
[255, 255, 255]
[255, 255, 255]
[255, 255, 255]
[255, 255, 255]
[255, 255, 255]
[255, 255, 255]
[255, 255, 255]
[255, 255, 255]
[255, 255, 255]
[255, 255, 255]
[255, 255, 255]
[255, 255, 255]
[255, 255, 255]
[255, 255, 255]
[255, 255, 255]
[172, 180, 217]
[38, 61, 156]
[28, 52, 151]
[23, 47, 149]
[148, 159, 206]
[255, 255, 255]
[255, 255, 255]
[255, 255, 255]
[255, 255, 255]
[255, 255, 255]
[255, 255, 255]
[129, 142, 197]
[89, 106, 179]
[255, 255, 255]
[255, 255, 255]
[255, 255, 255]
[255, 255, 255]
[255, 255, 255]
[175, 184, 218]
[53, 74, 163]
[136, 149, 201]
[3, 29, 140]
[10, 35, 143]
[172, 180, 217]
[239, 240, 247]
[3, 29, 140]
[191, 198, 226]
[255, 255, 255]
[255, 255, 255]
[255, 255, 255]
[255, 255, 255]
[255, 255, 255]
[255, 255, 255]
[255, 255, 255]
[255, 255, 255]
[255, 255, 255]
[255, 255, 255]
[255, 255, 255]
[255, 255, 255]
[255, 255, 255]
[255, 255, 255]
[255, 255, 255]
[255, 255, 255]
[255, 255, 255]
[255, 255, 255]
[255, 255, 255]
[255, 255, 255]
[255, 255, 255]
[255, 255, 255]
[255, 255, 255]
[239, 240, 247]
[184, 191, 222]
[62, 81, 166]
[67, 87, 169]
[239, 240, 247]
[255, 255, 255]
[255, 255, 255]
[255, 255, 255]
[255, 255, 255]
[255, 255, 255]
[255, 255, 255]
[132, 145, 199]
[105, 120, 186]
[255, 255, 255]
[255, 255, 255]
[255, 255, 255]
[255, 255, 255]
[255, 255, 255]
[251, 251, 253]
[26, 50, 150]
[73, 92, 172]
[42, 64, 157]
[81, 99, 175]
[137, 149, 201]
[219, 223, 238]
[14, 39, 145]
[251, 251, 253]
[255, 255, 255]
[255, 255, 255]
[255, 255, 255]
[255, 255, 255]
[255, 255, 255]
[255, 255, 255]
[255, 255, 255]
[255, 255, 255]
[255, 255, 255]
[255, 255, 255]
[255, 255, 255]
[255, 255, 255]
[255, 255, 255]
[255, 255, 255]
[255, 255, 255]
[255, 255, 255]
[255, 255, 255]
[255, 255, 255]
[255, 255, 255]
[255, 255, 255]
[255, 255, 255]
[255, 255, 255]
[255, 255, 255]
[255, 255, 255]
[255, 255, 255]
[97, 113, 183]
[117, 131, 192]
[255, 255, 255]
[255, 255, 255]
[255, 255, 255]
[255, 255, 255]
[255, 255, 255]
[255, 255, 255]
[255, 255, 255]
[160, 170, 211]
[136, 148, 201]
[255, 255, 255]
[255, 255, 255]
[255, 255, 255]
[255, 255, 255]
[255, 255, 255]
[255, 255, 255]
[132, 145, 199]
[7, 32, 141]
[113, 127, 190]
[175, 184, 218]
[97, 113, 183]
[192, 198, 226]
[93, 110, 181]
[255, 255, 255]
[255, 255, 255]
[255, 255, 255]
[255, 255, 255]
[255, 255, 255]
[255, 255, 255]
[255, 255, 255]
[255, 255, 255]
[255, 255, 255]
[255, 255, 255]
[255, 255, 255]
[255, 255, 255]
[255, 255, 255]
[255, 255, 255]
[255, 255, 255]
[255, 255, 255]
[255, 255, 255]
[255, 255, 255]
[255, 255, 255]
[255, 255, 255]
[255, 255, 255]
[255, 255, 255]
[255, 255, 255]
[255, 255, 255]
[255, 255, 255]
[255, 255, 255]
[105, 120, 186]
[156, 166, 210]
[255, 255, 255]
[255, 255, 255]
[255, 255, 255]
[255, 255, 255]
[255, 255, 255]
[255, 255, 255]
[255, 255, 255]
[211, 216, 235]
[187, 194, 224]
[255, 255, 255]
[255, 255, 255]
[255, 255, 255]
[255, 255, 255]
[255, 255, 255]
[255, 255, 255]
[243, 244, 249]
[30, 53, 152]
[207, 212, 233]
[251, 251, 253]
[81, 99, 175]
[168, 177, 215]
[179, 187, 220]
[255, 255, 255]
[255, 255, 255]
[255, 255, 255]
[255, 255, 255]
[255, 255, 255]
[255, 255, 255]
[255, 255, 255]
[255, 255, 255]
[255, 255, 255]
[255, 255, 255]
[255, 255, 255]
[255, 255, 255]
[255, 255, 255]
[255, 255, 255]
[255, 255, 255]
[255, 255, 255]
[255, 255, 255]
[255, 255, 255]
[255, 255, 255]
[255, 255, 255]
[255, 255, 255]
[255, 255, 255]
[255, 255, 255]
[255, 255, 255]
[255, 255, 255]
[255, 255, 255]
[140, 152, 202]
[211, 216, 235]
[255, 255, 255]
[255, 255, 255]
[255, 255, 255]
[255, 255, 255]
[255, 255, 255]
[255, 255, 255]
[255, 255, 255]
[255, 255, 255]
[255, 255, 255]
[255, 255, 255]
[255, 255, 255]
[255, 255, 255]
[255, 255, 255]
[255, 255, 255]
[255, 255, 255]
[255, 255, 255]
[239, 240, 247]
[255, 255, 255]
[255, 255, 255]
[164, 173, 213]
[171, 180, 217]
[251, 251, 253]
[255, 255, 255]
[160, 170, 211]
[101, 117, 185]
[137, 149, 201]
[192, 198, 226]
[255, 255, 255]
[255, 255, 255]
[255, 255, 255]
[255, 255, 255]
[255, 255, 255]
[255, 255, 255]
[255, 255, 255]
[255, 255, 255]
[255, 255, 255]
[255, 255, 255]
[255, 255, 255]
[255, 255, 255]
[255, 255, 255]
[255, 255, 255]
[255, 255, 255]
[255, 255, 255]
[255, 255, 255]
[255, 255, 255]
[255, 255, 255]
[255, 255, 255]
[255, 255, 255]
[239, 240, 247]
[227, 230, 242]
[255, 255, 255]
[255, 255, 255]
[255, 255, 255]
[255, 255, 255]
[255, 255, 255]
[255, 255, 255]
[255, 255, 255]
[255, 255, 255]
[255, 255, 255]
[255, 255, 255]
[255, 255, 255]
[255, 255, 255]
[255, 255, 255]
[255, 255, 255]
[255, 255, 255]
[255, 255, 255]
[255, 255, 255]
[255, 255, 255]
[255, 255, 255]
[255, 255, 255]
[243, 244, 249]
[255, 255, 255]
[255, 255, 255]
[199, 205, 229]
[129, 142, 197]
[148, 159, 206]
[199, 205, 229]
[255, 255, 255]
[255, 255, 255]
[255, 255, 255]
[255, 255, 255]
[255, 255, 255]
[255, 255, 255]
[255, 255, 255]
[255, 255, 255]
[255, 255, 255]
[255, 255, 255]
[255, 255, 255]
[255, 255, 255]
[255, 255, 255]
[255, 255, 255]
[255, 255, 255]
[255, 255, 255]
[255, 255, 255]
[255, 255, 255]
[255, 255, 255]
[255, 255, 255]
[255, 255, 255]
[255, 255, 255]
[255, 255, 255]
[255, 255, 255]
[255, 255, 255]
[255, 255, 255]
[255, 255, 255]
[255, 255, 255]
[255, 255, 255]
[255, 255, 255]
[255, 255, 255]
[255, 255, 255]
[255, 255, 255]
[255, 255, 255]
[255, 255, 255]
[255, 255, 255]
[255, 255, 255]
[255, 255, 255]
[255, 255, 255]
[255, 255, 255]
[255, 255, 255]
[255, 255, 255]
[255, 255, 255]
[255, 255, 255]
[255, 255, 255]
[255, 255, 255]
[255, 255, 255]
[255, 255, 255]
[255, 255, 255]
[255, 255, 255]
[255, 255, 255]
[255, 255, 255]
[255, 255, 255]
[255, 255, 255]
[255, 255, 255]
[255, 255, 255]
[255, 255, 255]
[255, 255, 255]
[255, 255, 255]
[255, 255, 255]
[255, 255, 255]
[255, 255, 255]
[255, 255, 255]
[255, 255, 255]
[255, 255, 255]
[255, 255, 255]
[255, 255, 255]
[255, 255, 255]
[255, 255, 255]
[255, 255, 255]
[255, 255, 255]
[255, 255, 255]
[255, 255, 255]
[255, 255, 255]
[255, 255, 255]
[255, 255, 255]
[255, 255, 255]
[255, 255, 255]
[255, 255, 255]
[255, 255, 255]
[255, 255, 255]
[255, 255, 255]
[255, 255, 255]
[255, 255, 255]
[255, 255, 255]
[255, 255, 255]
[255, 255, 255]
[255, 255, 255]
[255, 255, 255]
[255, 255, 255]
[255, 255, 255]
[216, 220, 237]
[200, 205, 230]
[243, 244, 249]
[255, 255, 255]
[255, 255, 255]
[255, 255, 255]
[255, 255, 255]
[255, 255, 255]
[255, 255, 255]
[255, 255, 255]
[255, 255, 255]
[255, 255, 255]
[255, 255, 255]
[255, 255, 255]
[255, 255, 255]
[255, 255, 255]
[255, 255, 255]
[255, 255, 255]
[255, 255, 255]
[255, 255, 255]
[255, 255, 255]
[255, 255, 255]
[255, 255, 255]
[255, 255, 255]
[255, 255, 255]
[255, 255, 255]
[255, 255, 255]
[255, 255, 255]
[255, 255, 255]
[255, 255, 255]
[255, 255, 255]
[255, 255, 255]
[255, 255, 255]
[255, 255, 255]
[255, 255, 255]
[255, 255, 255]
[255, 255, 255]
[255, 255, 255]
[255, 255, 255]
[255, 255, 255]
[255, 255, 255]
[243, 244, 249]
[255, 255, 255]
[243, 244, 249]
[243, 244, 249]
[255, 255, 255]
[255, 255, 255]
[255, 255, 255]
[255, 255, 255]
[215, 219, 237]
[57, 78, 165]
[144, 155, 204]
[66, 85, 168]
[160, 170, 211]
[255, 255, 255]
[255, 255, 255]
[255, 255, 255]
[255, 255, 255]
[255, 255, 255]
[255, 255, 255]
[255, 255, 255]
[255, 255, 255]
[255, 255, 255]
[255, 255, 255]
[255, 255, 255]
[255, 255, 255]
[255, 255, 255]
[255, 255, 255]
[255, 255, 255]
[255, 255, 255]
[255, 255, 255]
[255, 255, 255]
[255, 255, 255]
[255, 255, 255]
[255, 255, 255]
[255, 255, 255]
[255, 255, 255]
[255, 255, 255]
[255, 255, 255]
[255, 255, 255]
[152, 163, 208]
[77, 96, 174]
[255, 255, 255]
[255, 255, 255]
[255, 255, 255]
[255, 255, 255]
[255, 255, 255]
[180, 187, 220]
[54, 75, 163]
[42, 64, 158]
[109, 124, 188]
[93, 110, 181]
[255, 255, 255]
[81, 99, 175]
[121, 135, 194]
[255, 255, 255]
[255, 255, 255]
[255, 255, 255]
[255, 255, 255]
[255, 255, 255]
[255, 255, 255]
[255, 255, 255]
[239, 240, 247]
[26, 50, 150]
[235, 237, 246]
[255, 255, 255]
[255, 255, 255]
[255, 255, 255]
[255, 255, 255]
[255, 255, 255]
[255, 255, 255]
[255, 255, 255]
[255, 255, 255]
[255, 255, 255]
[255, 255, 255]
[255, 255, 255]
[255, 255, 255]
[255, 255, 255]
[255, 255, 255]
[255, 255, 255]
[255, 255, 255]
[255, 255, 255]
[255, 255, 255]
[255, 255, 255]
[255, 255, 255]
[255, 255, 255]
[255, 255, 255]
[255, 255, 255]
[255, 255, 255]
[255, 255, 255]
[81, 99, 175]
[97, 113, 183]
[255, 255, 255]
[255, 255, 255]
[255, 255, 255]
[255, 255, 255]
[152, 163, 208]
[26, 50, 150]
[125, 138, 195]
[117, 131, 192]
[180, 187, 220]
[42, 64, 157]
[255, 255, 255]
[14, 39, 145]
[160, 170, 211]
[255, 255, 255]
[255, 255, 255]
[255, 255, 255]
[255, 255, 255]
[255, 255, 255]
[255, 255, 255]
[255, 255, 255]
[247, 248, 251]
[22, 46, 149]
[199, 205, 229]
[255, 255, 255]
[255, 255, 255]
[255, 255, 255]
[255, 255, 255]
[255, 255, 255]
[255, 255, 255]
[255, 255, 255]
[255, 255, 255]
[255, 255, 255]
[255, 255, 255]
[255, 255, 255]
[255, 255, 255]
[255, 255, 255]
[255, 255, 255]
[255, 255, 255]
[255, 255, 255]
[255, 255, 255]
[255, 255, 255]
[255, 255, 255]
[255, 255, 255]
[255, 255, 255]
[255, 255, 255]
[255, 255, 255]
[255, 255, 255]
[255, 255, 255]
[38, 60, 156]
[136, 148, 201]
[255, 255, 255]
[255, 255, 255]
[255, 255, 255]
[227, 230, 242]
[10, 35, 143]
[207, 212, 233]
[255, 255, 255]
[255, 255, 255]
[255, 255, 255]
[11, 36, 143]
[215, 219, 237]
[3, 29, 140]
[203, 209, 231]
[255, 255, 255]
[255, 255, 255]
[255, 255, 255]
[255, 255, 255]
[255, 255, 255]
[255, 255, 255]
[255, 255, 255]
[109, 124, 188]
[128, 141, 197]
[255, 255, 255]
[255, 255, 255]
[255, 255, 255]
[255, 255, 255]
[255, 255, 255]
[255, 255, 255]
[255, 255, 255]
[255, 255, 255]
[255, 255, 255]
[255, 255, 255]
[255, 255, 255]
[255, 255, 255]
[255, 255, 255]
[255, 255, 255]
[255, 255, 255]
[255, 255, 255]
[255, 255, 255]
[255, 255, 255]
[255, 255, 255]
[255, 255, 255]
[255, 255, 255]
[255, 255, 255]
[255, 255, 255]
[255, 255, 255]
[255, 255, 255]
[255, 255, 255]
[7, 32, 141]
[172, 180, 217]
[255, 255, 255]
[255, 255, 255]
[255, 255, 255]
[144, 156, 204]
[77, 95, 174]
[255, 255, 255]
[255, 255, 255]
[255, 255, 255]
[223, 226, 240]
[3, 29, 140]
[184, 191, 222]
[3, 29, 140]
[243, 244, 249]
[255, 255, 255]
[255, 255, 255]
[255, 255, 255]
[255, 255, 255]
[255, 255, 255]
[255, 255, 255]
[179, 187, 220]
[191, 198, 226]
[255, 255, 255]
[255, 255, 255]
[255, 255, 255]
[255, 255, 255]
[255, 255, 255]
[255, 255, 255]
[255, 255, 255]
[255, 255, 255]
[255, 255, 255]
[255, 255, 255]
[255, 255, 255]
[255, 255, 255]
[255, 255, 255]
[255, 255, 255]
[255, 255, 255]
[255, 255, 255]
[255, 255, 255]
[255, 255, 255]
[255, 255, 255]
[255, 255, 255]
[255, 255, 255]
[255, 255, 255]
[255, 255, 255]
[255, 255, 255]
[255, 255, 255]
[255, 255, 255]
[255, 255, 255]
[3, 29, 140]
[219, 223, 238]
[255, 255, 255]
[255, 255, 255]
[255, 255, 255]
[101, 117, 184]
[152, 162, 208]
[255, 255, 255]
[255, 255, 255]
[255, 255, 255]
[223, 226, 240]
[30, 53, 152]
[160, 170, 211]
[46, 67, 159]
[255, 255, 255]
[255, 255, 255]
[255, 255, 255]
[255, 255, 255]
[255, 255, 255]
[255, 255, 255]
[255, 255, 255]
[69, 88, 170]
[78, 96, 174]
[152, 163, 208]
[211, 216, 235]
[255, 255, 255]
[255, 255, 255]
[255, 255, 255]
[255, 255, 255]
[255, 255, 255]
[255, 255, 255]
[255, 255, 255]
[255, 255, 255]
[255, 255, 255]
[255, 255, 255]
[255, 255, 255]
[255, 255, 255]
[255, 255, 255]
[255, 255, 255]
[255, 255, 255]
[255, 255, 255]
[255, 255, 255]
[255, 255, 255]
[255, 255, 255]
[255, 255, 255]
[255, 255, 255]
[255, 255, 255]
[255, 255, 255]
[255, 255, 255]
[231, 233, 244]
[18, 43, 147]
[255, 255, 255]
[255, 255, 255]
[255, 255, 255]
[255, 255, 255]
[97, 113, 183]
[184, 191, 222]
[255, 255, 255]
[255, 255, 255]
[255, 255, 255]
[195, 202, 227]
[77, 96, 174]
[160, 170, 211]
[105, 120, 186]
[255, 255, 255]
[255, 255, 255]
[255, 255, 255]
[255, 255, 255]
[255, 255, 255]
[255, 255, 255]
[255, 255, 255]
[57, 78, 165]
[136, 148, 201]
[207, 212, 233]
[223, 226, 240]
[251, 251, 253]
[255, 255, 255]
[255, 255, 255]
[255, 255, 255]
[255, 255, 255]
[255, 255, 255]
[255, 255, 255]
[255, 255, 255]
[255, 255, 255]
[255, 255, 255]
[255, 255, 255]
[255, 255, 255]
[255, 255, 255]
[255, 255, 255]
[255, 255, 255]
[255, 255, 255]
[255, 255, 255]
[255, 255, 255]
[255, 255, 255]
[255, 255, 255]
[255, 255, 255]
[255, 255, 255]
[255, 255, 255]
[255, 255, 255]
[255, 255, 255]
[93, 110, 181]
[133, 145, 199]
[160, 170, 212]
[180, 188, 221]
[219, 223, 238]
[128, 141, 197]
[58, 78, 165]
[227, 230, 242]
[255, 255, 255]
[255, 255, 255]
[113, 127, 190]
[156, 166, 210]
[160, 170, 211]
[163, 173, 213]
[255, 255, 255]
[255, 255, 255]
[255, 255, 255]
[255, 255, 255]
[255, 255, 255]
[255, 255, 255]
[255, 255, 255]
[49, 71, 161]
[255, 255, 255]
[255, 255, 255]
[255, 255, 255]
[255, 255, 255]
[255, 255, 255]
[255, 255, 255]
[255, 255, 255]
[255, 255, 255]
[255, 255, 255]
[255, 255, 255]
[255, 255, 255]
[255, 255, 255]
[255, 255, 255]
[255, 255, 255]
[255, 255, 255]
[255, 255, 255]
[255, 255, 255]
[255, 255, 255]
[255, 255, 255]
[255, 255, 255]
[255, 255, 255]
[255, 255, 255]
[255, 255, 255]
[255, 255, 255]
[255, 255, 255]
[255, 255, 255]
[255, 255, 255]
[255, 255, 255]
[223, 226, 240]
[101, 117, 185]
[66, 85, 168]
[81, 99, 175]
[113, 127, 190]
[211, 216, 235]
[97, 113, 183]
[10, 35, 143]
[58, 78, 165]
[50, 71, 161]
[61, 81, 166]
[251, 251, 253]
[239, 240, 247]
[65, 85, 168]
[3, 29, 140]
[38, 61, 156]
[152, 163, 208]
[255, 255, 255]
[255, 255, 255]
[255, 255, 255]
[255, 255, 255]
[74, 92, 172]
[255, 255, 255]
[255, 255, 255]
[255, 255, 255]
[255, 255, 255]
[255, 255, 255]
[255, 255, 255]
[255, 255, 255]
[255, 255, 255]
[255, 255, 255]
[255, 255, 255]
[255, 255, 255]
[255, 255, 255]
[255, 255, 255]
[255, 255, 255]
[255, 255, 255]
[255, 255, 255]
[255, 255, 255]
[255, 255, 255]
[255, 255, 255]
[255, 255, 255]
[255, 255, 255]
[255, 255, 255]
[255, 255, 255]
[255, 255, 255]
[255, 255, 255]
[255, 255, 255]
[255, 255, 255]
[255, 255, 255]
[255, 255, 255]
[255, 255, 255]
[255, 255, 255]
[255, 255, 255]
[255, 255, 255]
[255, 255, 255]
[255, 255, 255]
[243, 244, 249]
[195, 202, 227]
[195, 202, 227]
[251, 251, 253]
[255, 255, 255]
[255, 255, 255]
[255, 255, 255]
[223, 226, 240]
[255, 255, 255]
[255, 255, 255]
[255, 255, 255]
[255, 255, 255]
[255, 255, 255]
[255, 255, 255]
[89, 106, 179]
[243, 244, 249]
[255, 255, 255]
[255, 255, 255]
[255, 255, 255]
[255, 255, 255]
[255, 255, 255]
[255, 255, 255]
[255, 255, 255]
[255, 255, 255]
[255, 255, 255]
[255, 255, 255]
[255, 255, 255]
[255, 255, 255]
[255, 255, 255]
[255, 255, 255]
[255, 255, 255]
[255, 255, 255]
[255, 255, 255]
[255, 255, 255]
[255, 255, 255]
[255, 255, 255]
[255, 255, 255]
[255, 255, 255]
[255, 255, 255]
[255, 255, 255]
[255, 255, 255]
[255, 255, 255]
[255, 255, 255]
[255, 255, 255]
[255, 255, 255]
[255, 255, 255]
[255, 255, 255]
[255, 255, 255]
[255, 255, 255]
[255, 255, 255]
[255, 255, 255]
[255, 255, 255]
[255, 255, 255]
[255, 255, 255]
[255, 255, 255]
[255, 255, 255]
[255, 255, 255]
[255, 255, 255]
[255, 255, 255]
[255, 255, 255]
[255, 255, 255]
[255, 255, 255]
[255, 255, 255]
[255, 255, 255]
[97, 113, 183]
[223, 226, 240]
[255, 255, 255]
[255, 255, 255]
[255, 255, 255]
[255, 255, 255]
[255, 255, 255]
[255, 255, 255]
[255, 255, 255]
[255, 255, 255]
[255, 255, 255]
[255, 255, 255]
[255, 255, 255]
[255, 255, 255]
[255, 255, 255]
[255, 255, 255]
[255, 255, 255]
[255, 255, 255]
[255, 255, 255]
[255, 255, 255]
[255, 255, 255]
[255, 255, 255]
[255, 255, 255]
[255, 255, 255]
[255, 255, 255]
[255, 255, 255]
